328
676
694
708
1428
1630
1653
1655
1810
1822
2648
2957
2958
2962
3281
3400
3728
4017
4117
4261
4582
4601
4665
4666
4796
4848
5092
5195
5204
5450
5702
5705
5715
5784
6427
6595
6598
6599
6601
6602
6603
6604
6605
6756
6837
6872
6882
6996
7110
7158
7251
7332
7337
7536
7994
8295
8464
8535
8544
8804
8819
8850
9079
9124
9149
9319
9321
9325
9412
9425
9439
9441
9442
9443
9457
9477
9519
9612
9663
9734
9759
9792
9913
10001
10011
10014
10084
10138
10284
10409
10413
10438
10498
10521
10553
10600
10629
10847
10848
10915
10923
10987
11030
11036
11243
11319
22938
22954
23132
23286
23309
23326
23389
23429
23741
24148
25937
26155
26205
26292
27005
27044
29777
29915
29995
51003
51053
51132
51412
51442
51460
51564
51586
54797
54880
55090
55578
55729
56254
56943
56970
57326
57492
64216
64324
79595
81550
84193
84246
84962
89780
92140
112950
114803
116931
117143
133746
150572
163732
170067
171023
219541
245806
284252
387893
400569
100130302
88
124
546
605
648
651
655
689
815
892
902
904
905
942
984
988
999
1024
1025
1027
1059
1063
1105
1106
1107
1108
1161
1407
1408
1602
1756
1786
1993
2056
2068
2070
2071
2138
2139
2140
2145
2167
2314
2547
2658
2668
2691
2729
2960
2961
3050
3070
3150
3151
3184
3383
3398
3456
3458
3479
3481
3508
3547
3558
3565
3567
3586
3589
3603
3605
3621
3624
3630
3976
3992
4034
4171
4172
4173
4174
4175
4176
4194
4287
4298
4300
4302
4331
4332
4343
4664
4738
4756
4841
4849
4850
4999
5119
5205
5216
5292
5411
5430
5438
5440
5441
5511
5514
5569
5741
5928
5931
5932
5981
6015
6045
6128
6182
6208
6248
6294
6310
6314
6399
6421
6433
6556
6594
6617
6619
6749
6757
6758
6759
6829
6839
6894
6895
6919
6920
6921
6923
7013
7014
7073
7112
7136
7141
7270
7293
7329
7341
7428
7469
7471
7812
7832
7936
7978
8110
8178
8193
8208
8458
8467
8520
8570
8573
8607
8690
8725
8726
8812
8914
8976
9039
9191
9208
9210
9391
9584
9619
9643
9667
9682
9686
9689
9739
9817
9869
9921
9987
10036
10046
10049
10102
10128
10129
10210
10214
10336
10401
10419
10450
10468
10514
10522
10572
10595
10614
10620
10621
10622
10623
10656
10772
10856
10865
10933
10935
10957
10973
11007
11100
11105
11168
11198
11218
11267
11331
11335
22803
22827
22885
22904
22906
22924
22927
22933
22936
22992
23019
23030
23038
23066
23067
23077
23081
23082
23125
23126
23168
23186
23373
23408
23409
23410
23466
23468
23492
23512
23522
23541
23569
23587
23635
23648
25842
25920
26098
26122
26145
26147
26523
26610
26747
27034
27148
27161
27254
27336
28985
29072
29080
29115
29890
29946
29947
29950
29982
30834
30836
50485
50616
51008
51028
51106
51111
51224
51497
51547
51548
51575
51728
51742
51755
51773
51780
53615
53635
54014
54386
54496
54556
54583
54623
54625
54799
54904
54971
54997
55122
55140
55170
55193
55213
55250
55252
55257
55269
55274
55290
55352
55536
55588
55629
55636
55662
55689
55693
55723
55749
55758
55814
55827
55832
55840
55869
55885
56160
56832
56849
56916
56946
56979
57018
57332
57407
57472
57645
57649
57713
57727
60491
63035
63947
64105
64137
64332
64395
64426
64428
64769
64784
64800
66008
79084
79612
79682
79685
79697
79723
79727
79811
79813
79816
79885
79913
79921
79960
80063
80142
80155
80184
80205
80237
80298
80306
80314
80816
80854
81606
81669
81789
81857
81892
83714
83746
83860
83879
83933
84105
84148
84164
84181
84232
84289
84295
84312
84313
84333
84337
84456
84498
84515
84678
84722
84759
84787
84901
85012
85403
85441
85509
90665
90843
91151
91612
92129
92552
93166
93624
93649
96764
112744
112869
112939
117154
123169
124751
124790
126272
129685
132660
135112
138151
138474
138715
140597
151449
153443
158931
165631
166815
168417
170463
196528
200765
201798
202559
220359
221037
225689
254251
280658
280660
282991
283629
284119
284358
285527
285855
340543
346389
347273
359948
375790
389136
389421
392255
400713
401265
404672
493861
548313
653656
653657
727837
728340
728642
728929
730394
731220
100287429
100287841
100288461
100289635
100290363
100292165
100293130
