909
910
911
912
913
914
915
916
917
445347
920
921
923
924
925
926
928
4311
4321
3683
3684
3687
3681
290
929
4695
2526
2214
2215
3689
930
931
54474
1380
933
2208
100133941
3559
1803
939
940
3688
943
5175
945
947
1378
948
951
952
953
958
3674
2815
2811
2812
2814
6693
10522
960
5788
822
4179
961
962
3672
3673
3675
3676
3678
3655
3385
3685
1043
963
3383
1604
4684
27087
965
966
3690
6401
6402
6403
6414
967
2209
634
1088
4680
1084
90273
1048
5669
5670
5676
440533
968
969
970
7037
971
4907
972
973
974
941
975
3732
9308
8832
11025
79168
10990
10288
353514
23547
11027
11024
10859
11006
79166
942
5329
728
2204
7070
4035
10438
23446
22918
3824
355
2194
10225
976
6520
4267
10507
9398
3384
3682
3691
2022
7412
3916
3920
8482
135228
4352
5818
5819
25945
1441
1436
1438
3815
3977
3459
7132
7133
3554
7850
3560
3563
3566
3568
3570
3575
3577
2833
3579
3581
3572
1439
3561
8842
7293
2322
4486
3604
6382
23448
5156
5159
7056
1636
1003
4162
682
5795
6504
977
1493
944
959
5817
101
6868
102
683
3802
3803
3804
548594
3805
3811
3813
57292
553128
3810
3806
3809
115653
100132285
3812
3821
3822
11126
3820
6404
9332
8763
23449
214
780
4921
3161
8778
3897
140885
10326
55423
284759
2525
57126
356
7441
3543
4064
7852
643
10663
1230
729230
1232
1233
57472
1234
1235
1236
1237
1238
10803
4345
10544
7010
5169
4481
4065
4360
50489
27074
30835
3587
3588
3594
3597
3598
3601
23765
8809
8807
3643
3480
3482
3902
2678
8519
10666
4582
4241
4063
5621
7102
10154
6521
2532
2993
2994
2995
3792
6006
6007
6005
3386
5243
51744
238
919
57124
2028
7292
8743
8600
8741
10673
8740
8797
8795
8794
8793
8792
51330
23495
115650
608
8764
4804
151888
80380
29126
23308
80381
11119
29851
5133
9902
7096
7097
7098
7099
10333
51311
54106
81793
657
658
11251
3953
54741
417
10077
420
483
10332
11314
10462
9936
170482
4745
8829
3903
3904
84824
115350
79368
127943
115352
83417
83416
3791
30817
22914
5738
93185
684
64866
57823
51293
50848
58494
999
51343
1000
4072
946
27036
27180
2260
2263
2261
2264
9437
9436
259197
9429
182
2064
8322
8326
11211
83953
114836
56833
54210
56253
8784
27242
50615
2124
6383
1901
221476
26762
84868
50856
338339
64581
283420
160364
4055
3669
8140
2152
6614
4059
11118
112464
10630
4118
57591
3312
7187
26092
2528
1738
2206
2191
2195
51206
10661
3973
1362
1211
3000
7101
248
3375
84061
4936
2925
100132417
632
1089
5084
6667
199699
4909
28968
10908
83876
5366
3921
5786
9961
6890
10434
10371
8856
10159
10957
619471
80742
2776
5702
3557
57599
4827
10128
1022
196513
5885
54
7186
23424
57410
100187907
100271694
29959
3638
2669
6870
4659
902
7086
58478
6204
9861
9984
51056
4886
4222
27035
4223
4045
653590
728226
728441
729838
2108
4654
4520
4661
2937
5334
23054
28934
2316
2996
587
3057
23158
6146
4956
10541
7181
80834
91614
114112
3126
6622
9825
418
1796
10871
23479
165530
4673
10133
6744
10300
100131187
5016
2312
10101
1741
8815
317687
644079
4758
4041
4693
23566
59352
117195
117196
134391
165140
222545
259249
441931
442206
7976
3133
2271
