27
29
40
41
86
90
91
93
94
107
108
109
111
112
113
114
115
117
134
140
142
147
148
150
154
156
157
174
181
207
208
238
265
267
269
286
288
307
308
322
323
329
330
392
393
395
407
408
433
434
472
488
558
572
573
575
578
581
608
611
613
624
640
654
660
682
684
695
706
726
728
799
814
816
819
825
828
835
836
841
843
857
868
887
896
915
916
917
920
921
930
940
941
943
944
945
947
948
949
952
962
963
969
970
971
972
974
976
1019
1040
1119
1123
1124
1128
1131
1132
1134
1135
1136
1137
1138
1139
1140
1141
1142
1143
1144
1145
1146
1154
1185
1192
1193
1230
1234
1235
1261
1270
1271
1326
1364
1365
1378
1381
1382
1393
1399
1432
1436
1439
1452
1453
1455
1456
1457
1460
1501
1512
1606
1607
1608
1611
1612
1613
1641
1654
1742
1785
1793
1796
1808
1813
1819
1837
1840
1843
1855
1857
1893
1894
1896
1909
1910
1936
1956
2011
2022
2041
2054
2059
2064
2065
2123
2131
2132
2185
2209
2213
2217
2241
2245
2257
2317
2323
2357
2359
2475
2533
2534
2558
2559
2560
2562
2563
2568
2570
2642
2664
2665
2669
2674
2676
2693
2696
2697
2764
2767
2771
2774
2779
2780
2781
2782
2787
2790
2791
2792
2793
2794
2810
2811
2812
2833
2837
2850
2868
2872
2885
2886
2888
2889
2890
2891
2896
2901
2906
2923
2932
2977
2978
2984
2986
3000
3092
3094
3111
3112
3125
3126
3162
3190
3265
3275
3276
3315
3359
3429
3431
3454
3459
3460
3476
3480
3482
3549
3559
3560
3561
3563
3566
3568
3577
3579
3581
3587
3588
3590
3594
3595
3597
3598
3601
3612
3613
3622
3628
3631
3635
3641
3643
3654
3667
3683
3702
3705
3706
3707
3708
3709
3710
3716
3717
3718
3805
3806
3810
3811
3813
3815
3820
3821
3822
3823
3824
3872
3897
3902
3906
3925
3927
3956
3959
3984
4049
4050
4055
4058
4059
4061
4067
4068
4070
4074
4139
4157
4163
4168
4215
4216
4217
4259
4289
4294
4301
4352
4354
4355
4356
4486
4599
4615
4659
4660
4680
4693
4739
4793
4838
4867
4869
4881
4882
4900
4920
4921
4935
4975
4978
4983
4992
4994
4995
5021
5023
5024
5025
5026
5027
5028
5032
5045
5058
5062
5063
5074
5082
5132
5133
5136
5137
5141
5143
5150
5152
5153
5156
5159
5163
5165
5170
5175
5291
5293
5295
5297
5298
5317
5330
5331
5332
5333
5334
5335
5356
5365
5480
5502
5504
5520
5521
5522
5525
5527
5529
5531
5532
5536
5562
5563
5564
5565
5566
5567
5568
5571
5573
5575
5576
5577
5578
5579
5580
5581
5582
5583
5584
5585
5586
5587
5588
5589
5590
5592
5593
5594
5596
5597
5598
5599
5600
5602
5603
5604
5606
5607
5608
5609
5612
5662
5663
5664
5733
5740
5754
5770
5781
5787
5788
5794
5796
5797
5799
5800
5801
5802
5803
5819
5822
5829
5871
5879
5880
5881
5891
5894
5898
5899
5901
5902
5905
5906
5909
5912
5921
5922
5923
5924
5956
5957
5977
5979
5995
5996
6000
6009
6014
6016
6092
6093
6101
6195
6196
6197
6198
6199
6233
6242
6251
6259
6271
6277
6282
6295
6300
6346
6355
6357
6359
6362
6369
6386
6398
6416
6425
6450
6451
6452
6453
6455
6456
6457
6461
6494
6497
6503
6504
6574
6609
6610
6653
6654
6655
6693
6695
6714
6717
6732
6733
6751
6769
6781
6785
6787
6788
6789
6793
6833
6868
6967
6997
6998
7006
7046
7049
7074
7075
7088
7089
7090
7096
7097
7098
7103
7105
7130
7159
7179
7185
7186
7187
7188
7189
7204
7222
7292
7296
7301
7305
7311
7314
7316
7356
7410
7434
7436
7442
7462
7464
7531
7532
7534
7535
7786
7791
7818
7857
7867
7913
7984
8027
8045
8125
8153
8174
8218
8227
8315
8388
8390
8392
8394
8396
8404
8412
8416
8428
8437
8439
8440
8471
8473
8476
8490
8491
8500
8506
8518
8519
8525
8526
8527
8533
8536
8550
8565
8567
8569
8578
8590
8605
8631
8643
8654
8660
8685
8711
8717
8737
8740
8741
8742
8744
8764
8767
8772
8786
8787
8792
8793
8794
8795
8797
8799
8800
8807
8808
8809
8811
8821
8826
8835
8837
8838
8839
8840
8852
8874
8877
8878
8883
8911
8935
8945
8973
8986
8994
8995
8997
8999
9020
9022
9028
9033
9038
9046
9047
9048
9049
9051
9052
9064
9094
9103
9113
9126
9127
9146
9162
9180
9181
9182
9200
9218
9223
9231
9252
9255
9262
9263
9270
9306
9308
9311
9318
9322
9373
9378
9392
9398
9402
9404
9436
9437
9448
9451
9456
9459
9462
9465
9466
9467
9475
9495
9500
9530
9536
9547
9567
9573
9577
9578
9597
9600
9604
9607
9610
9618
9626
9628
9630
9637
9641
9649
9651
9655
9681
9693
9706
9748
9770
9784
9806
9826
9828
9842
9846
9863
9874
9943
9966
9982
9989
9994
10000
10010
10013
10016
10018
10019
10040
10044
10045
10060
10087
10110
10125
10133
10135
10139
10140
10142
10148
10154
10156
10175
10188
10206
10207
10219
10235
10251
10261
10270
10276
10278
10288
10293
10298
10326
10333
10342
10344
10392
10411
10424
10446
10451
10461
10475
10486
10487
10494
10497
10526
10527
10564
10580
10602
10603
10607
10630
10636
10657
10666
10672
10673
10681
10682
10692
10728
10750
10752
10758
10767
10783
10788
10798
10817
10824
10842
10846
10859
10871
10922
10928
10982
10990
11006
11011
11018
11024
11025
11027
11033
11035
11054
11059
11083
11113
11122
11126
11141
11142
11163
11183
11184
11214
11215
11216
11228
11318
11329
11333
11343
22821
22858
22866
22871
22920
22983
23012
23025
23043
23210
23228
23229
23235
23236
23263
23268
23303
23308
23365
23370
23371
23385
23421
23426
23495
23523
23538
23542
23554
23568
23596
23601
23603
23604
23607
23616
23620
23623
23624
23636
23643
23683
23767
23768
23769
23770
23787
25791
25865
25970
25972
26011
26027
26051
26060
26118
26119
26130
26153
26207
26211
26228
26230
26297
26499
26512
26524
26548
26578
26585
26750
27018
27032
27035
27040
27071
27106
27111
27113
27115
27120
27180
27181
27189
27237
27240
27242
27296
27306
27329
27330
27347
28996
29097
29108
29121
29126
29760
29843
29844
29941
29953
29967
30811
30818
30819
30820
30837
50488
50615
50618
50649
50650
50831
50832
50852
50856
50859
50940
51022
51026
51079
51094
51107
51130
51266
51267
51291
51310
51348
51422
51454
51466
51473
51475
51517
51523
51567
51655
51657
51665
51666
51676
51684
51701
51744
51765
51776
51806
53632
53834
54207
54328
54329
54360
54429
54472
54518
54567
54584
54602
54714
54756
54849
54900
54922
55003
55198
55367
55423
55561
55602
55635
55697
55698
55714
55811
55824
55844
55851
55852
55879
55884
55914
55970
55971
56344
56624
56674
56776
56882
56896
56924
56926
56990
57144
57153
57159
57449
57451
57506
57524
57551
57556
57580
57584
57658
58473
58508
58985
59067
59307
59341
60401
64061
64093
64094
64127
64210
64283
64581
64780
64798
64857
64926
65018
65059
65125
65266
65267
65268
79368
79602
79754
79858
79890
79990
80070
80115
80122
80176
80243
80316
80318
81035
81542
81552
81609
83464
83593
83903
83937
83939
84033
84152
84168
84174
84336
84435
84668
84675
84676
84727
84812
84818
85315
85363
85415
89846
89869
90249
90864
91662
92154
92369
92591
94137
94233
113026
114548
114609
114822
115265
115677
116379
116449
118987
120863
121512
122809
124583
127247
128178
131566
131601
131890
136371
136991
137970
139189
140456
140458
140459
140460
140461
140462
140825
142685
142686
142689
143098
143872
148022
149069
149111
149233
150094
150372
151242
151556
153743
160622
160851
161003
162989
163702
164091
164656
166614
166824
171389
196883
197370
200576
201176
202018
219699
219790
221391
221472
222068
222643
246329
254263
260425
261734
283349
284114
285704
341019
342667
344901
347734
348094
388531
389072
389840
399694
401036
401124
401190
401387
440279
440456
497661
644943
646643
653519
728597
728780
100132285
100271927
100506627
100507444
100528032
100820829
102800317
6794
19
10006
25
137735
9744
23527
116983
22985
92
100
102
4185
8754
9510
55803
116
9370
133
79924
135
136
146
151
152
153
155
64782
166
84632
116987
728127
119385
116986
116988
119016
729092
414189
653268
728404
642517
177
3267
3268
55750
10554
10555
84803
183
185
186
57491
64853
9131
84883
150209
9590
10566
84335
214
8854
7840
57679
259
283
51129
83854
287
301
306
1176
317
9546
324
10297
187
334
335
348
80833
369
116985
116984
64411
727738
375
377
378
381
382
55738
84364
26286
10565
23647
79658
9824
89839
94134
55843
55114
93663
84986
57569
58504
57636
83478
9938
23092
79822
9411
257106
394
23779
64333
396
397
398
9138
9639
55160
22899
128272
8289
84159
400
115761
80117
402
403
10124
10123
379
26225
221079
390790
84100
127829
55207
409
653308
50807
8853
55616
83734
487
10159
545
84126
26033
6790
551
552
553
554
8312
8313
64343
566
576
577
10458
8938
25805
9564
10295
8915
596
598
10017
23786
607
283149
623
637
79444
641
27302
650
652
658
659
664
673
672
675
79184
29117
83990
680
84446
151888
701
29965
29086
284485
79363
343578
26005
719
221322
735
84904
55684
84270
767
57010
26256
773
784
785
796
10203
801
805
808
811
50632
10645
29775
84433
79092
22900
64170
834
840
842
846
57091
847
858
859
25776
1238
57003
440193
886
6360
6347
6370
10850
56477
9560
6352
83605
890
595
898
2826
729230
1232
1233
1236
1237
10803
51554
9034
929
8763
914
30835
100133941
919
939
10849
958
960
961
966
924
973
975
925
926
978
11140
998
11135
23580
148170
57514
1012
1000
5129
1017
1020
8851
1022
1026
1028
1030
50937
634
27443
9620
1952
1951
2491
9702
80254
64781
375298
1072
1081
1082
93659
94115
57680
1111
11200
51510
11261
91851
1129
1133
50515
1147
1149
27141
1164
10332
1201
1191
1240
10256
154043
1268
1269
54875
1272
27255
26047
79937
85445
129684
149951
1363
8738
1394
1395
285464
1398
1410
1435
1441
1443
1445
122011
1454
53944
1459
1464
1490
653259
8727
56998
1500
50624
6376
1524
3627
58191
2920
2921
7852
643
10663
57007
80319
54205
1591
1592
56603
340665
1594
10800
57105
9267
9266
9265
27128
27065
1600
153090
51339
2532
1616
28988
196296
9201
23576
23564
54541
780
79039
55789
91614
79139
51009
91319
1676
1677
1609
1718
56616
148252
54769
9077
84976
85458
22943
10395
28514
10683
3301
9093
51277
1776
92737
10059
85440
79930
55715
55816
1809
1812
1814
1815
1816
667
113878
196403
23220
53905
50506
11221
80824
142679
1844
63904
56940
1846
1848
1850
1852
1856
8445
1889
9427
345930
10913
1906
9521
1942
1949
1950
112398
163126
5610
440275
1978
1979
1991
9844
64123
2015
30817
84658
2021
5167
5168
255324
284656
1969
2042
2043
2044
285220
2045
2046
2047
2048
2049
2050
2051
2057
2060
3266
2066
23085
2074
2069
2081
30001
7813
115704
2146
2159
2149
2150
2151
9002
2152
2155
11124
139285
51306
84142
10160
9855
355
356
79791
26270
26269
23291
6468
2205
2207
2237
2864
2867
2865
2243
2244
152273
55785
2246
2255
2256
2258
2259
8817
9965
2247
26281
27006
8074
2248
2249
2251
2252
2253
2254
2260
2263
2261
2264
2266
2274
9158
11153
2280
55701
54848
389337
2316
2321
2322
2324
2339
2358
10023
23401
10818
2492
11167
10272
652991
2530
8321
11211
2535
7976
8322
7855
8323
8324
8325
8326
10146
9908
2549
2550
9568
2554
2555
2556
2557
2561
2564
2565
2566
2567
2569
200959
4616
10912
51083
2587
8484
2596
84253
2619
8729
115557
2675
389400
79017
2690
2692
51738
64599
10755
28964
9815
2740
9340
2741
2742
2743
2765
2768
2769
2770
2773
2775
2776
2778
346562
2783
2784
59345
51764
54331
2785
2786
2788
94235
2798
114814
64083
51206
151306
2719
100272148
2852
2825
83550
338442
8843
266977
222611
139378
165082
221188
221393
221395
139760
2835
338557
25960
166647
57211
84873
29933
283383
64582
124274
353345
350383
347088
115330
344561
344758
2838
285601
134391
390212
387509
165829
80045
57512
26996
23432
27239
2840
29909
84636
11245
79971
440435
2841
1880
2842
2843
2844
2845
2848
2849
2827
2853
2854
2856
2857
2859
2861
9283
2863
2828
11251
11250
9248
9293
9290
9289
2830
83873
118442
81491
10149
8477
8111
10936
27202
27201
27198
27197
10888
53831
53836
54112
51463
222487
84059
51704
55890
55507
222545
2873
2874
26086
29899
63940
2876
2887
64388
2892
2893
2895
2897
2898
2899
2900
2902
2903
2904
2905
116443
116444
6011
2869
2870
2911
2912
2913
2914
2915
2916
2917
2918
2925
79774
2931
2934
2935
51512
2979
2982
2983
3001
3002
3014
1839
643752
3060
3061
3062
8841
9709
3082
64399
204851
10114
8359
8366
8364
8360
8367
8361
8365
8294
8363
8362
8368
8370
554313
121504
3156
10042
23526
51617
9455
9454
3248
3269
3274
11255
59340
3320
3326
3309
3329
3336
3350
3351
3352
3354
3355
3356
3357
3358
9177
3360
3361
3362
3363
3064
3364
23463
3416
2537
3455
26160
51098
8100
3485
3486
3489
3551
8517
3600
23765
3552
3553
3554
3556
26280
9173
53833
282618
133396
3569
3570
3572
3575
3611
51147
3633
3638
51141
3645
27130
128239
9922
23096
440073
134728
3656
11213
51135
3672
8515
22801
3673
3674
3675
3676
3678
3655
3679
8516
3680
3681
3682
3684
3685
3687
3688
3689
3690
3691
3693
3694
3695
3696
9358
55600
182
3714
8681
10524
3756
3757
23416
23415
27133
81033
90134
3776
3791
57221
222223
80728
84451
57498
3802
84634
4254
9365
59349
5653
22914
85442
3827
3845
83999
79412
889
337977
8844
283455
90070
10314
55915
3929
390598
3932
3937
8861
3950
23592
3953
3965
55366
8549
59352
3972
3973
3977
11026
84894
100134291
100271715
100289600
100294275
138652
399491
653160
1902
9170
23566
2846
57121
10161
22859
23266
23284
4035
4041
4040
7804
9209
79705
120892
54674
4046
1241
56413
84445
23499
10892
9794
84441
55534
5605
4214
4296
9175
10746
6885
10454
23118
4293
5595
23162
5601
9261
8649
4142
116511
4145
8932
8930
51562
4158
4159
4160
4161
23101
2847
84539
79772
55784
9656
4188
29969
4193
9968
9969
9282
10025
9440
9862
90390
29079
4221
23184
4233
9927
4258
57534
142678
4276
4277
4282
4292
8085
55904
2862
64223
64112
9019
22808
116512
116534
116535
386746
259249
117194
117195
117196
931
341116
54860
503497
84689
219995
2206
932
51338
64232
64231
245802
58475
83661
4436
2956
2660
4496
4543
4544
9788
79594
4593
4627
85366
4651
4643
4646
4649
4650
4683
4684
4690
8648
10499
8202
8031
23054
23413
10403
81565
80762
4692
57447
3340
4724
4734
58158
4763
4771
4792
4803
4804
11188
85407
85409
28512
28511
54475
197358
58484
22861
4829
9111
10316
56923
4843
4846
2831
2832
64106
10886
4868
4883
387129
4886
4887
4889
4888
4893
3084
9542
10718
8204
4908
4914
4915
4916
4922
4923
64359
4952
2652
728458
4985
4986
4987
4988
341276
26496
283297
144124
390093
121364
392133
121275
282770
442194
26497
390266
26534
26533
390264
79490
390265
219869
219870
26539
26538
26532
126541
284433
26476
441911
391121
127385
401973
391109
391107
121130
219960
343406
219873
128360
390201
81341
128367
128368
26531
390439
81061
440153
79334
390442
122748
390441
391189
26529
81797
79290
392376
138803
138804
138799
138802
286362
286365
138805
441933
347468
392309
284532
388761
127066
401994
442191
127617
8383
26189
347169
26188
4991
8385
8386
8387
8389
442179
26184
126370
347168
26740
26219
392392
26737
26735
254973
392390
138881
125963
138883
138882
8391
158131
219959
219958
346528
346525
135941
442361
392138
79541
402317
393046
401427
81392
144125
338755
127608
391191
121129
341152
127623
81697
442184
26212
65944
4993
81472
120776
120775
135948
81470
81469
391211
26716
7932
442197
442185
26707
442186
26248
284521
26246
391192
81466
391190
391194
127062
26245
127059
391196
56656
26696
127069
127077
127064
401992
403239
343563
343173
391195
127068
403244
127074
401993
254879
81458
343172
26693
285659
26692
343171
441932
81406
134083
284383
81328
81327
403253
390134
81318
81315
119765
219429
283093
283092
81309
219428
256144
403257
119749
79346
219432
26689
390197
219986
124538
219875
219983
390199
26687
26686
390649
81399
81099
441308
729759
26683
26682
79501
390648
79544
390433
122740
81127
390436
390431
283617
79317
122742
441670
390538
390429
283694
390437
81300
390432
441669
256148
219431
390113
119764
401667
401666
119687
79345
79339
282763
390058
390038
143503
81285
256892
119694
79324
81282
401663
390063
390064
79470
119682
390059
390061
119692
401665
283111
390053
390054
255725
143496
340980
390066
79296
119678
390081
390082
390078
390079
390067
390037
143502
119679
390036
119774
338751
79274
119772
79473
390077
390072
390075
81248
119695
120787
283110
120796
390083
120793
390084
387748
390073
196335
219982
219981
81431
81050
390181
81228
79482
390195
338675
219493
219447
390445
390191
219965
390190
219968
441608
392391
390142
219436
390144
219438
338674
81193
26341
403273
403274
79310
79295
282775
26339
402135
403277
403278
219437
26338
390168
390167
219487
219482
219484
390162
120065
120066
219479
390155
219464
390154
81696
390148
135946
389090
150681
390321
341416
254786
341418
283365
403282
403284
390327
254783
390323
390326
343169
79549
81448
391114
128371
390261
128372
81442
128366
219952
341799
219874
346517
390260
391112
390892
26333
390894
26659
26664
26658
162998
125958
26648
125962
390882
390883
390275
219858
26595
390271
283162
26493
283159
283160
338662
26494
26492
219865
219469
390151
390152
120586
219477
81169
81168
390157
219473
219453
341568
219417
504189
504190
26495
135924
130075
390174
283189
504191
219954
441639
219956
219957
5008
56957
165140
27199
5020
22953
27334
64805
53829
9934
5029
5030
5031
286530
5048
56288
5071
11315
139135
23178
5111
126006
27344
5046
255738
27250
5138
5139
5140
5142
5144
5145
5158
5146
5148
5149
5151
8622
5155
56034
5164
5166
5173
79849
5037
23089
5187
8864
8863
5207
27315
55023
23612
375133
8554
9063
51588
9463
128869
5286
5287
5288
5289
5290
5294
5296
8503
29992
29990
11040
5300
5310
114780
342372
5311
10343
5319
100137049
5327
51196
5336
23007
55344
257068
345557
5337
5338
5341
59338
57480
26030
25894
153478
55200
440107
10769
5354
5355
5361
5362
55558
91584
5364
23654
23129
5366
56937
5368
23509
5443
64840
8611
8613
10891
133522
5473
5494
151742
23645
84919
5505
84687
5515
5516
5518
5526
5528
5538
5540
84106
23532
5052
7001
10549
51052
2834
10887
128674
84249
23362
23550
5724
5727
5728
5729
5731
5732
5734
5737
5739
5745
5746
5744
5747
5764
51495
5771
26191
5777
5786
5789
5791
5792
5793
5795
5798
10076
260434
26108
90780
84109
10890
8766
9230
201475
5872
51552
376267
64284
22931
401409
5861
81876
441400
55647
23011
57403
51715
53917
57111
25837
5873
5874
9364
5862
84932
27314
11031
10981
9363
83452
83871
11021
9609
326624
23682
54734
116442
5864
5865
115827
9545
142684
282808
10966
57799
347517
115273
339122
401258
5867
53916
5868
5869
5878
5870
51560
84084
7879
338382
8934
4218
51762
9367
51209
23637
9910
5877
11159
11158
285282
11020
29127
5810
5884
5883
253959
57186
57148
5900
55103
10267
10266
10268
5908
23108
5911
57826
11069
9771
51735
51195
23551
158158
221002
153020
255426
25780
115727
10633
91608
387496
65997
51285
11186
9821
10432
64783
55544
23543
10231
11123
5649
28954
161253
5972
9185
85004
79785
5984
23179
5863
57139
266747
56963
9104
6001
6002
6003
6004
26575
64407
10287
5997
8601
431704
26166
5998
5999
85397
54933
162494
121268
6010
387
388
9886
23221
389
29984
54509
391
399
57381
23433
55288
89941
58480
171177
55188
9912
9743
253260
54453
60561
27289
390
51444
6091
54763
152015
83853
4919
6098
389722
158763
6121
23322
9501
51065
6188
6194
57521
9125
6236
10325
64121
6237
22800
6238
284654
6252
6253
10900
59350
122042
51289
339403
6281
1901
9294
1903
8698
53637
23098
60485
286205
22937
6447
23513
6343
6344
6400
6401
55829
54910
59343
5272
26084
8879
129049
9905
27352
201175
57630
22941
81858
6464
25759
53358
6469
51246
8036
6478
26037
57568
23094
23411
6498
6558
29988
83959
6541
84889
6548
9368
60682
64744
8243
6608
57154
64750
6622
79753
23161
115703
58533
8651
9021
6647
6648
10174
114815
57537
22986
6272
53340
10615
221178
51324
56848
161742
200734
399473
10252
10253
81848
6711
57522
23380
9901
6760
6752
6753
6754
6755
10617
90627
9754
11075
50861
81551
55437
6801
10273
252983
56670
85360
84144
6850
8831
134864
9287
9288
319100
83551
134860
6863
6869
6865
6870
117289
9344
51347
80835
80834
83756
50834
50839
266656
50838
50840
50833
259294
259295
259293
259290
5726
259285
259286
259287
353164
259289
259291
259292
259296
338398
50837
50836
50835
30851
23216
83874
26000
374403
23232
54662
57533
64786
125058
79735
55296
55357
128637
161514
25771
55633
55773
57465
4943
353149
254272
26083
23102
23329
414059
414060
84218
654341
729877
9882
9779
51256
11138
54885
23158
23061
93627
29110
6915
7010
7038
7039
7040
7041
7043
7048
7052
7057
387357
7064
9967
7070
9220
353376
92610
92609
25976
54962
7091
81793
7099
7100
51284
51311
54106
100302736
387522
29767
7124
7128
8784
55504
7132
7133
8718
8743
79155
7148
7164
84231
340205
7200
7201
51499
10221
28951
57761
373
8805
51592
7205
7248
7249
7252
7253
7272
7273
7289
7294
7295
51060
84817
10628
7297
7298
55075
53347
7320
11065
7321
7323
7334
7335
51366
51720
8408
8633
10868
23032
9098
9712
9101
8239
8287
51118
9217
7415
7422
7432
7433
57191
441931
317701
317702
317703
317705
10163
55759
93594
7466
7472
54361
51741
2829
7507
7508
9213
55432
7529
7533
10971
11130
