165
196
257
367
401
405
429
430
463
466
467
468
473
474
571
579
602
604
639
646
657
668
677
678
687
688
745
860
861
862
863
864
865
867
1045
1046
1050
1051
1052
1053
1054
1112
1385
1386
1387
1388
1389
1390
1406
1482
1487
1499
1523
1649
1745
1746
1747
1748
1750
1761
1811
1820
1827
1831
1869
1870
1871
1874
1875
1876
1877
1879
1958
1959
1960
1961
1997
1998
1999
2000
2001
2002
2004
2005
2016
2018
2019
2020
2023
2063
2077
2078
2099
2100
2113
2114
2115
2116
2117
2118
2119
2120
2122
2128
2290
2295
2296
2297
2298
2299
2300
2301
2302
2303
2304
2305
2306
2307
2309
2313
2353
2354
2355
2494
2551
2553
2623
2624
2625
2626
2627
2636
2637
2736
2737
2908
2928
2966
2967
2968
2969
3054
3065
3066
3087
3090
3091
3104
3110
3131
3142
3146
3148
3159
3166
3167
3169
3170
3171
3172
3174
3182
3195
3196
3198
3199
3200
3201
3202
3203
3204
3205
3206
3207
3209
3211
3212
3213
3214
3216
3217
3218
3219
3221
3222
3223
3224
3225
3226
3228
3231
3232
3233
3234
3235
3236
3237
3238
3239
3280
3297
3298
3299
3344
3397
3399
3516
3607
3642
3651
3659
3660
3661
3662
3663
3664
3670
3725
3726
3727
3975
4005
4009
4010
4084
4086
4087
4088
4089
4090
4091
4092
4093
4094
4097
4149
4150
4152
4204
4205
4208
4209
4211
4212
4213
4222
4223
4297
4299
4303
4306
4323
4335
4435
4520
4602
4605
4609
4610
4613
4618
4656
4661
4760
4761
4762
4772
4773
4774
4775
4776
4778
4779
4780
4781
4782
4783
4784
4790
4791
4799
4800
4801
4802
4821
4824
4825
4831
4851
4861
4862
4863
4901
4904
4990
5013
5017
5036
5077
5078
5079
5080
5081
5087
5089
5090
5178
5201
5245
5252
5307
5308
5309
5316
5324
5325
5326
5396
5449
5451
5452
5453
5454
5455
5456
5459
5460
5462
5463
5465
5467
5468
5469
5626
5629
5814
5914
5916
5925
5926
5927
5966
5970
5971
5978
5991
5993
5994
6047
6095
6096
6239
6256
6257
6299
6304
6322
6473
6474
6492
6493
6495
6618
6621
6650
6656
6657
6659
6660
6662
6665
6667
6671
6688
6689
6720
6721
6722
6772
6773
6774
6775
6776
6777
6778
6827
6830
6862
6871
6874
6875
6877
6878
6879
6881
6883
6884
6886
6899
6909
6910
6911
6913
6925
6926
6927
6928
6929
6932
6934
6935
6936
6938
6939
6940
6941
6942
6945
7003
7004
7005
7008
7019
7020
7021
7022
7024
7025
7026
7027
7029
7030
7050
7067
7068
7071
7080
7157
7161
7181
7182
7227
7290
7291
7342
7392
7409
7421
7474
7490
7494
7528
7539
7545
7546
7547
7555
7566
7567
7572
7579
7581
7584
7586
7587
7589
7593
7596
7597
7626
7639
7643
7644
7690
7691
7692
7693
7694
7697
7699
7703
7704
7706
7707
7709
7710
7711
7712
7718
7727
7728
7741
7743
7745
7746
7753
7756
7760
7762
7764
7775
7789
7799
7849
7942
7975
8022
8028
8061
8089
8092
8216
8320
8431
8462
8463
8521
8522
8531
8538
8543
8548
8553
8609
8625
8626
8721
8820
8848
8880
8896
8928
8929
9014
9044
9095
9096
9112
9139
9219
9232
9242
9314
9337
9338
9355
9406
9480
9496
9541
9569
9575
9580
9586
9603
9611
9705
9753
9757
9819
9839
9849
9915
9935
9970
9971
9988
10127
10155
10168
10172
10194
10265
10302
10320
10346
10363
10365
10370
10379
10389
10463
10472
10474
10481
10488
10538
10589
10616
10655
10660
10661
10664
10691
10716
10725
10732
10736
10745
10765
10782
10795
10902
10943
11016
11023
11063
11143
11166
11178
11244
11262
11278
11281
11317
22797
22806
22809
22850
22882
22887
22921
22926
22947
22955
22980
23013
23028
23040
23051
23269
23314
23316
23394
23435
23440
23462
23493
23528
23650
23660
23764
25803
25806
25819
25833
25909
25942
25988
26013
26048
26257
26298
26468
26508
26574
26581
26582
26583
26584
27022
27086
27097
27125
27287
27319
29128
29842
29855
29883
29956
29966
30009
30012
30062
30812
30813
50805
50943
50945
51085
51176
51193
51222
51270
51274
51282
51295
51351
51450
51513
51804
54581
54729
54738
54815
54925
54989
54993
55294
55311
55502
55509
55553
55663
55806
55809
55810
55818
55888
55892
55897
56033
56731
56938
56956
56995
57057
57109
57336
57459
57496
57504
57591
57594
57616
57798
57822
58487
58495
58524
60313
60436
60468
60529
63876
63946
63948
63950
63951
64211
64288
64344
64375
64651
64764
64843
65056
65243
65982
79149
79177
79190
79191
79192
79364
79603
79618
79733
79776
79800
79923
80034
80317
80345
80712
80714
81566
81628
81931
83439
83482
83595
83741
83855
84108
84124
84307
84458
84504
84524
84525
84528
84547
84619
84699
84838
84839
84844
84891
85416
85446
85460
85474
89884
89887
90316
90655
91012
91074
91133
91464
93986
94104
112770
114821
116071
116113
117581
118738
120237
121274
121599
121643
122953
124535
127343
128209
128553
132625
134187
135935
137814
139324
140628
144455
145258
145873
146050
147912
148327
152518
153222
153572
157848
158399
158800
159119
159296
168374
169792
170302
170825
195828
196446
201516
203523
204219
219409
220929
221785
221937
222696
252884
253461
253782
283078
283248
284312
284355
333929
338917
339344
339488
340260
340784
342357
342900
342933
342945
344022
344167
344191
347853
349334
353274
360030
387032
387332
388112
389692
390010
390259
390874
391723
402381
404635
431707
440097
440695
441056
503582
503834
503835
554045
644168
644524
645832
646698
647589
649137
653543
653544
653545
653548
727940
728361
728410
728656
729944
730130
100101467
100125288
100132074
100271849
100506164
190
326
351
406
741
1044
1316
1488
1628
1749
1788
1789
2033
2034
2086
2101
2103
2104
2130
2186
2294
2308
2516
2649
2672
2735
2909
3059
3068
3096
3097
3164
3175
3215
3227
3229
3394
3428
3608
3609
3665
3720
3899
4004
4066
4207
4286
4487
4488
4603
4617
4654
4798
4807
4808
4853
4854
4855
4899
4929
5015
5075
5076
5083
5241
5253
5371
5457
5458
5591
5813
5915
5933
5934
5987
5989
5990
5992
6018
6049
6097
6129
6258
6297
6496
6591
6596
6597
6615
6658
6663
6664
6666
6668
6670
6672
6736
6873
6880
6887
6907
6943
6944
7023
7101
7376
7391
7468
7538
7541
7542
7543
7544
7549
7551
7552
7553
7554
7556
7559
7561
7562
7564
7565
7568
7569
7570
7571
7574
7576
7580
7582
7592
7594
7608
7617
7620
7621
7623
7624
7625
7627
7629
7633
7634
7637
7638
7652
7673
7675
7678
7695
7700
7701
7705
7716
7729
7730
7733
7738
7739
7748
7750
7752
7755
7757
7761
7763
7766
7767
7768
7769
7770
7771
7772
7773
7776
7862
7988
8013
8091
8187
8233
8242
8328
8403
8427
8433
8456
8545
8856
8882
8939
9031
9070
9189
9202
9203
9204
9205
9247
9278
9310
9326
9372
9421
9422
9464
9479
9516
9534
9572
9640
9658
9666
9668
9726
9745
9765
9774
9831
9841
9877
9880
9889
9923
9925
9931
9975
9984
10002
10009
10062
10113
10153
10215
10224
10260
10308
10362
10467
10520
10573
10608
10626
10771
10773
10780
10781
10793
10794
10838
10906
11107
11108
11176
11177
11179
11279
22807
22823
22834
22835
22847
22869
22877
22880
22890
22891
23036
23060
23090
23091
23099
23119
23140
23144
23152
23174
23211
23217
23261
23264
23318
23361
23390
23414
23503
23515
23567
23589
23598
23613
23619
23777
24149
25792
25799
25888
25898
25921
25925
25946
26009
26036
26038
26137
26149
26152
26959
26974
27023
27033
27063
27107
27136
27153
27300
27309
27332
28999
29028
29063
29066
29068
29800
29801
29841
29893
29994
30827
30832
49854
50674
50862
51042
51043
51058
51087
51114
51123
51157
51201
51230
51276
51304
51317
51333
51341
51364
51385
51402
51427
51530
51538
51545
51616
51621
51663
51710
53335
53349
54345
54469
54503
54531
54542
54585
54626
54680
54700
54753
54764
54796
54807
54811
54816
54819
54856
54862
54877
54897
54937
55063
55079
55081
55139
55145
55146
55205
55279
55422
55552
55565
55596
55609
55625
55628
55634
55657
55659
55713
55734
55762
55769
55778
55786
55854
55870
55893
55900
55906
55922
55929
55954
56242
56676
56751
56829
56917
56978
56980
56987
57106
57116
57157
57167
57169
57178
57209
57215
57232
57335
57343
57410
57473
57474
57507
57541
57547
57567
57573
57592
57593
57615
57621
57623
57643
57659
57677
57683
57684
57688
57693
57708
57711
57732
57786
57801
57862
58160
58491
58492
58499
58500
58525
59269
59335
59336
59348
60685
63925
63934
63973
63974
63976
63977
63978
64067
64145
64321
64376
64393
64397
64412
64429
64641
64763
64864
64919
65249
65251
65986
65988
79027
79038
79088
79101
79175
79230
79365
79366
79413
79670
79673
79683
79692
79698
79710
79718
79724
79740
79744
79750
79752
79755
79759
79788
79797
79818
79830
79842
79844
79862
79882
79891
79894
79898
79943
79973
79977
80032
80095
80108
80110
80139
80149
80264
80320
80709
80764
80778
80818
80829
81856
83463
83637
83744
83881
84083
84146
84163
84186
84215
84217
84225
84240
84243
84256
84287
84324
84327
84330
84436
84449
84450
84460
84503
84527
84614
84622
84627
84654
84662
84667
84671
84684
84733
84765
84775
84858
84872
84874
84878
84885
84905
84911
84913
84914
84922
84924
84936
84944
84969
85364
85437
85463
85508
86614
89767
90075
90204
90233
90317
90321
90333
90338
90441
90462
90485
90576
90589
90592
90594
90637
90649
90827
90850
90874
90987
90993
91120
91392
91603
91661
91664
91748
91752
91975
92092
92283
92285
92595
92822
92999
93134
93474
94039
94234
113835
114026
114991
115196
115509
115560
115950
116115
116225
116412
116448
117608
118472
118490
118813
121340
121536
121549
124245
124411
124961
125150
125893
125919
126017
126068
126069
126070
126208
126231
126295
126299
126375
126626
127396
127428
127665
128408
128611
129025
130557
130617
131096
131540
133923
136051
136259
137209
139628
139735
140467
140612
140685
140690
140831
140883
144348
146198
146434
146540
146542
147657
147658
147660
147686
147687
147694
147741
147807
147808
147837
147923
147929
147948
147949
148103
148156
148198
148206
148213
148254
148266
148268
148979
149041
149076
150921
151112
151126
152098
152485
152687
153527
155054
155060
155061
158431
158506
158586
158866
161882
162239
162655
162962
162963
162966
162967
162968
162972
162979
162993
163033
163049
163050
163051
163059
163071
163081
163087
163115
163131
163223
163227
163255
166793
166968
167465
167826
168544
168620
168850
169270
169841
170261
170959
170960
171017
171392
196441
197320
197407
199692
199704
199777
200186
200350
201181
201501
201514
203430
203447
219578
219654
219749
220202
220992
221302
221504
221527
221833
221895
222546
222894
253639
253738
253832
254359
254887
255403
255877
256051
256297
256380
257101
266743
282890
283150
283337
283489
283576
283933
284306
284307
284309
284323
284346
284349
284370
284371
284390
284391
284406
284443
284459
284695
285267
285268
285346
285349
285676
285971
285989
286075
286128
339318
339324
339327
339487
339500
339559
340152
340252
340385
340481
340554
340595
342132
342908
342909
342926
343472
343930
344787
346157
346171
347344
348327
349075
353088
353355
360023
374655
374879
374899
374900
374928
376940
387328
388523
388536
388558
388561
388566
388567
388569
388585
388677
389058
389114
389524
389549
389874
390927
390980
390992
391594
399669
399823
400720
403341
404281
414197
414208
440077
440515
440517
441234
441330
441955
442319
442425
442695
619279
641339
641383
642658
643641
643719
643836
646915
653082
653121
653404
653427
654254
654364
664701
724097
727857
728489
728957
729288
729501
729648
730087
730110
730291
790968
790969
100036519
100129543
100129842
100129885
100130086
100130863
100131017
100131827
100131980
100132396
100170646
100187701
1029
6908
7153
7155
9221
24144
92399
286380
100510744
100293888
100510018
