11568
11622
11694
11835
11859
11863
17172
17173
11906
11908
11910
11911
68703
11921
12013
12020
12051
12053
12142
12173
12166
26927
12192
12193
16601
12224
225908
12393
12395
12398
12399
12400
12402
12591
12592
12606
12608
12609
110794
12611
71375
12912
11909
12914
12915
232430
12951
18091
13016
12387
13047
13198
13390
13392
13393
13394
50796
13487
13496
54720
14605
13555
242705
13557
104394
13559
50496
13560
13591
13653
13654
13655
13656
13709
69257
13710
56501
13711
13712
13713
13714
13796
13797
13798
13799
433182
13864
13875
13876
13982
13983
23871
23872
14009
14008
27049
18612
104156
14011
14013
14028
15228
14238
17300
15229
14233
14241
30923
15223
14234
110805
14235
17301
14239
56484
14247
14281
14282
14284
26424
14390
14391
14460
14461
14462
14463
14465
231044
14472
14633
14634
14815
195333
23894
209357
14885
14886
15161
433759
15182
15242
15248
15251
100090
15285
217082
15284
434174
97165
15361
15371
15372
15375
15376
15377
15378
30942
15384
21908
21909
15394
15399
15400
15401
15402
15403
15404
15405
15395
15396
15398
15407
103889
15410
15412
15414
15415
15416
15417
15423
15424
15425
15426
209448
15421
15429
15434
15436
15437
15438
15430
15431
15432
15433
15205
15499
15500
26386
14236
15901
15903
19664
68837
53626
18609
16362
16363
54131
16364
27056
54139
16392
16476
16477
16478
16869
16909
110648
16917
17119
17125
17126
17127
17128
17129
17130
17131
55994
17132
17134
17187
17188
17190
17257
17258
17260
17261
17268
17536
17285
17286
214162
17355
54601
110784
17387
17428
12705
17764
17863
17865
17869
16918
18109
17878
17928
17932
18012
18013
18014
18018
18019
18027
18021
73181
18022
18023
18024
18029
18030
18032
18033
18034
74164
18044
18045
18046
18088
18095
18096
18103
18128
18142
18143
244879
18185
22608
20476
18423
18426
18813
18505
18506
18507
18508
18509
18514
18515
18516
18616
67199
18673
21652
18740
18741
18742
18771
56711
54711
18933
18736
18986
18987
18991
18992
18993
18994
18998
18999
19009
19013
19015
19016
19014
19127
19130
19291
19401
19411
19645
238247
214899
19696
19697
19698
19712
19726
53970
170767
19822
19883
225998
68750
20181
20182
58198
20230
20429
20464
20465
20471
102209
227644
50817
20664
20674
20677
20678
20682
20670
20683
20688
20375
272382
20787
20788
20807
20846
20847
20848
20849
20850
20851
20852
20922
20926
20997
217031
228980
72504
226182
21343
24074
24075
66464
99730
21349
21380
21385
21388
21389
21384
21413
21386
21405
21410
21423
21414
21416
21417
330361
21406
21407
21408
106795
21411
21428
21676
21679
21678
21685
21780
21418
21419
21420
21422
13865
11819
21781
211586
209446
21815
21833
21834
21847
21869
22059
22062
22025
22026
83925
15260
22160
22221
22282
22324
22337
22418
22431
22433
22632
22696
22771
22772
22773
12785
52712
59057
269585
22646
74570
22697
109889
109929
72465
22658
235320
217069
22661
22642
72154
385674
74400
432731
230162
93681
80902
22680
449521
228913
110593
18510
21425
17135
16871
17354
14283
64050
216285
66863
13813
23957
194655
21677
14531
14457
56449
12023
16911
66352
20893
93691
19727
22061
59022
15209
21807
51886
14106
18935
21340
107182
83993
76365
116870
12396
23942
30939
17681
16600
69125
237052
16870
53861
225631
21387
66935
57080
12753
20668
18025
20185
240690
22758
75410
72033
24136
72672
11864
16658
12355
20186
23857
74120
21849
110796
54352
330959
22778
66867
16598
17684
16391
107815
109108
30928
101206
15408
12913
53314
66556
24105
226049
16814
16596
13018
56809
21375
54446
277353
20472
18685
75605
65020
78656
17692
223922
22326
214105
217127
223227
211134
22770
434484
16597
218030
19668
21426
22780
107503
240442
387609
230700
76467
226641
29871
66855
56381
99982
17933
320799
29808
212712
13048
11538
230908
18420
15213
15214
226442
22757
17133
30051
24113
12457
18988
226747
20466
102423
241764
18094
13661
16874
56198
56321
15221
108655
102162
93736
59058
18140
81879
170644
18983
76893
94186
57765
27140
19434
20681
114889
50916
20371
245572
58805
16842
67778
69890
16599
19018
26940
20204
20474
672284
260298
234366
228491
22691
50754
72667
55927
381319
20679
269870
15460
224829
60611
104263
80732
17292
12022
272322
16876
68842
57246
227656
170740
229542
239719
116871
223701
239099
243931
67210
230824
233490
107586
240590
77110
228839
11695
208076
71241
56296
242620
242523
16873
53417
22781
215418
208647
104360
73274
64379
16373
16371
80292
67260
219150
108961
80892
241066
71950
77771
72739
80720
207785
78829
431706
21415
170729
20680
226896
118445
71041
67235
69256
212391
14912
57432
74318
229007
208677
268417
68479
332221
65100
100515
16815
16872
232816
245583
71949
71597
114142
67367
56700
74481
74123
13345
382867
13172
239652
20728
116810
81703
327992
140477
75753
228911
22702
75507
18291
18092
245596
14464
52679
14836
17293
99334
20475
78284
100978
77128
16372
100041581
71066
18089
226075
11878
14843
238673
237558
78619
545975
14842
240186
666311
17425
245007
241447
210719
104383
30927
12677
232934
332937
22255
15373
210162
170734
232878
384452
232077
14029
109575
235682
544922
227606
378435
20231
244813
246086
234219
227631
16875
223843
546801
228731
18292
381867
70887
319832
100009600
329934
17259
11614
11634
11820
11865
29805
12590
23849
13017
13170
13395
13435
13436
328572
13819
26379
26380
26381
14030
15227
56458
26423
14536
14581
14632
232906
15163
15191
110521
15273
15370
15379
15413
109663
15422
15900
67781
16201
54123
16468
16764
109594
17095
17342
17701
17702
17864
17877
17927
235134
18071
18072
18129
18131
18132
18181
18227
18424
18503
18504
18511
18667
18676
18854
18996
18997
19090
19290
218772
19650
19651
19720
19724
19725
71137
109263
74132
19885
19989
20183
50524
20473
20583
20585
20586
20613
20675
20665
20666
20667
78912
20687
319944
108143
21350
21372
21412
21427
83383
21907
22260
22278
107823
22695
22666
81909
22764
72180
56314
245595
223669
243833
231866
236193
22746
319535
67255
234725
232337
238690
224656
235956
434178
77264
26465
22344
210135
193452
76007
22654
22682
56707
57745
240034
329002
78783
232784
18124
15364
22685
22184
20591
14582
20669
101095
22286
15218
106143
18171
22687
320267
22385
23808
56364
100177
219105
107889
81630
56525
448850
230597
15110
15111
19099
56722
217166
233410
329003
224170
233905
243937
218441
72567
78834
268294
70579
320080
223773
230848
230119
78455
353187
225160
23958
56805
22259
50907
12607
50913
102442
15353
70103
68611
17122
66505
241322
77519
231712
70779
72843
116848
217578
246196
245671
22779
17765
268469
22693
668501
208104
74522
268564
216049
30046
214812
94187
67302
71834
58180
195018
223642
71722
142682
100072
20286
230594
320683
320150
22762
211978
338467
26919
52502
56218
228880
57908
68379
243834
243963
68098
228136
225207
29813
108946
98403
269610
56490
210104
73389
64290
58206
107765
271377
17450
72306
30932
18139
66277
70472
78796
106205
235132
27801
195733
19183
407823
74322
30944
114565
11925
67150
68040
22724
195522
53422
208884
68036
68992
70546
228829
210503
69035
244216
16969
114602
232679
619605
407786
50794
22763
14025
217695
20672
65098
243983
70427
319817
627624
15206
229937
106298
330230
360216
242509
235469
67966
76022
212139
227449
69743
74434
381678
54713
73916
52231
73754
72881
72020
75871
70650
208968
102193
240476
103836
228876
22722
72805
69082
192195
245522
77286
66233
67178
56787
54422
78781
17537
77630
382066
70508
269854
68770
99377
98999
328365
72720
59016
192651
78891
269401
269023
272347
79233
330463
78266
228598
381990
380993
74464
75580
243906
73884
320633
244713
71148
231125
57782
52708
242466
239546
22404
16656
381359
230025
21769
329559
384763
11924
11922
70673
114604
383491
27386
78287
20671
67143
22401
20402
74533
66980
13592
232976
319758
58208
212168
229055
72611
68520
235028
75316
79362
50887
214290
67230
224454
218100
320158
75746
81004
233890
213234
66361
319530
244219
22709
381410
68310
75291
71164
75553
319475
252973
67370
22678
353310
230738
83395
100182
69009
22704
109910
17121
52915
27217
226409
52397
114674
666528
332934
574428
69085
503610
224613
74168
66118
72114
328801
269639
215693
240869
195209
79401
83396
84653
22709
56856
12416
218820
103284
232879
66220
228807
233060
71093
23877
72556
72008
98558
269389
67917
67197
244871
545474
71066
71971
619331
327963
22709
52521
240064
100494
213753
242109
71591
26427
66983
238317
241514
245368
209032
233893
57247
15220
71131
319601
210172
67187
50914
27274
69752
74843
319740
170574
11569
67341
76014
193043
69747
67109
232969
213054
66526
140489
100043757
101023
68818
211468
245308
66758
330301
619665
436240
22754
140482
22690
664799
67538
64453
269704
22751
71063
69234
232854
434377
66056
654801
240068
74352
213011
72230
72723
230587
381305
230761
69852
71861
241494
100039681
622675
66492
69228
668166
108672
22761
22640
433801
63872
244721
68490
244556
619310
338354
75079
218613
238803
94222
68910
17341
627049
67911
72693
269800
216345
233887
237775
22689
74343
14237
207259
213436
27206
71918
22750
53404
72580
474156
193736
320145
231986
320995
114712
13593
75965
70605
332175
12029
19213
268297
225872
382074
68744
101994
238331
22775
338354
101544
22688
330502
78251
54367
70227
237758
243372
69020
22701
26466
22648
67106
381549
237256
68268
547176
619287
104382
56184
22715
210105
226470
209225
78751
233056
449000
243834
15208
64406
73191
75064
15207
270004
241311
14240
170753
20289
22720
73680
433968
320522
52838
20289
12578
21374
21973
21974
70769
54723
67871
23894
